Species	DNA/Other	DNA/Academ	DNA/CMC	DNA/Crypton	DNA/Dada	DNA/Ginger	DNA/Harbinger	DNA/hAT	DNA/IS3EU	DNA/IS5	DNA/Kolobok	DNA/Maverick	DNA/Merlin	DNA/MULE	DNA/P	DNA/PIF	DNA/PiggyBac	DNA/Sola	DNA/TcMar	DNA/Zator	DNA/Zisupton	RC/Helitron	PLE/Penelope	LTR/Other	LTR/Copia	LTR/DIRS	LTR/ERVK	LTR/ERVL	LTR/ERV1	LTR/Gypsy	LTR/Juno	LTR/Mag	LTR/Ngaro	LTR/Pao	LTR/TelKA	LTR/Unknown	LINE/Other	LINE/CRE	LINE/CR1	LINE/Dong	LINE/I	LINE/L1	LINE/L2	LINE/Proto2	LINE/Rex	LINE/RTE	LINE/R1	LINE/R2	LINE/Soliton	LINE/Tad1	SINE/Other
'Drosophila melanogaster'	0.106690474	0.001721755	1.019162065	0.020462126	0.000315541	0.044830784	0	0.626053267	0.00261007	0	0.238829989	0.227950695	0	0.059311356	4.474016855	0.108182433	0.036318045	0.07736577	2.783127011	0.001913823	0	4.059938322	0.099234111	0.797865162	2.499054664	0.002740402	0	0	0	45.37565031	0.001063235	0	0.000596783	11.17587431	0	0.109640093	0	0.005909528	3.040954607	0.001293031	15.89427741	0.020547871	0.211100138	0.000541907	0.000178349	0.012271788	6.674268224	0.172415538	0.001780061	0	0.013942096
'Polypedilum nubifer'	15.32782454	0.022089791	2.592658639	0.779086832	0.006144978	1.497768128	0	2.947420676	1.67765935	0	3.996324259	11.58179769	0.077836389	0.290741807	0.116794747	4.748582036	0.107075239	1.7481057	5.290986803	0.121333195	0	4.558087715	7.100060325	0.023134035	3.185669108	0.034861706	0	0	0	10.6934668	0.061851414	0.003534366	0.002690938	5.186883645	0.136996865	0	0	0.06217272	0.450993197	0.011687507	3.314593158	2.426663903	1.933097655	0.033576482	0	0.481155802	7.196452139	0.066068555	0.015462853	0	0.090608305
'Polypedilum vanderplanki'	5.35048418	0.093887176	1.708608527	0.208386137	0	0.173079825	0	10.14267498	0.021302132	0	0.274659437	0.880882618	0.062427082	1.808906066	0.244284174	0.2970464	0.214796501	0.441230277	3.434968831	0.236000012	0	27.64563114	1.754763147	0	3.450057841	0.024458004	0	0	0	8.573319277	0.084912666	0	0.003846218	10.55185343	0	0	0	0.03816632	0.756422938	0.053748436	9.551540805	1.441937389	3.386250065	0.020710406	0.005917259	0.404543271	6.375945159	0.105228589	0.057298791	0	0.119824494
'Caenorhabditis elegans'	30.61836674	0.007426542	1.33500694	0.005276568	0.000976622	0.008902014	0	7.774408784	0.003154699	0.000435616	0.029579698	0.346525106	0.118290687	4.790302075	0.013286273	0.136326574	10.05749773	0.025258673	19.67100491	0.002775292	0	15.9006895	0.032692241	0.233672586	0.019623776	0.005086865	0	0	0	1.061229623	0.001826775	0	0	2.82480493	0	0.302893295	0	0.001721384	2.620648807	0.001868931	0.26744684	0.017804027	0.049828793	0.000337251	0	0.779351263	0.052126313	0.190448287	0.001475472	0	0.689621496
'Hypsibius exemplaris'	1.314142721	0.006861468	0.14467406	0.034684722	0.008611143	0.613964186	0	4.810849903	0.044187856	0.002470129	0.985478388	3.620899758	0.052764691	0.309143455	0.149339858	0.258437205	0.579176541	1.524103652	31.63692678	1.077696523	0	9.885008652	0.523255575	8.055295201	0.19448832	0.009057138	0	0	0	18.06700087	0.006552702	0.001646752	1.769023764	0.48098893	0.013242634	2.297391133	1.459434313	3.705467355	0.83291364	0.003499349	0.692699535	0.127794848	2.793338063	0.001337986	0.006792854	0.079558725	0.512311533	1.286147931	0.004425647	0	0.016913519
'Ramazzottius varieornatus'	0.010816914	0.003827523	0.003869127	0	0	0.517506135	0	27.44712921	0.004035541	0	0.009152774	0.04626311	0	0.008903152	0	5.4441945	3.108697922	0.018430358	39.21189628	0.005242043	0	2.2647706	0.014103592	0	0.029538496	0	0	0	0	0.436712107	0.035404592	0	4.717131454	0.108377159	0.020760154	0	0.066940057	9.136464941	5.917933736	0	0.209806531	0.021550621	0.142408835	0.002537814	0.002329797	0.88590527	0.134836995	0.004160352	0	0	0.008362307
'Pomphorhynchus laevis'	0.017553841	0.000532319	0.7150402	0.001029783	8.63434E-05	0.02694784	0	0.726437523	0.001088402	0	0.00411438	0.031144602	0.46573367	0.143262634	0.00689717	0.02738827	0.002696447	0.009436774	0.339868033	0.000277249	0.117670147	0.047021481	20.39844447	0.000165557	0.013827611	0.000289131	0	0	0	6.183834108	0.000421419	6.33713E-05	6.1787E-05	0.135108336	0.000172687	0.505196543	4.296881718	13.51472303	12.18308039	0.000278834	8.399730118	0.016137493	23.08318647	0.000132288	0.202150385	6.51681923	1.178117822	0.238100906	0.000132288	0.257300024	0.191416877	
'Crassostrea gigas'	20.71114574	0.25002517	0.508098922	6.666018534	0.050801608	0.017235783	0.000312959	1.714822816	0.552916561	0	3.025818366	0.350108692	0.042706083	0.236849576	0.007777043	6.744489442	0.377769708	0.538175249	4.239611462	0.683159251	0	29.39924795	1.859971582	0.028098239	0.10594875	0.735271607	0	0.02990604	0	6.347800413	0.002081181	0	1.544441231	1.186966946	0.001891564	1.482379525	0.073222393	0.000541236	1.752143234	0.000446427	0.040791507	3.700569132	0.29276531	0.16434791	4.5103E-05	4.217404225	0.015097534	0.065345019	0.000819217	0	0.234613757
'Lottia gigantea'	5.674437851	0.560302592	0.568717799	0.272246922	0.022769073	0.032436994	0	2.724472844	0.248322608	0	3.187056509	11.89229734	0.00963543	0.227022857	0.261275745	0.64783735	0.258023021	0.91747415	2.541984517	0.086285653	0	1.70199814	13.43641739	0.003873667	0.398294518	0.684202162	2.64555546	0	0	8.272733134	0.008014483	0.003703991	0.525269917	6.41640205	0.003068608	8.763652689	0	0.130722711	1.640698178	0.003306877	2.892271562	2.754213073	1.382537973	0.129791298	0.023628283	1.880569479	0.078675505	0.014433289	0.001555965	0	16.07181034
'Octopus bimaculoides'	0.617579502	0.001449399	0.756255397	0.047686025	0.386310348	0.575258973	0	2.744863644	0.008647033	1.37714E-05	1.716714598	0.323776029	0.129891505	0.133575812	0.128301351	0.267608764	0.277770656	1.411828871	14.02026253	0.000514372	0	2.288211464	7.578831991	0.001518614	0.081295671	0.000481643	0	0	0.079565835	3.168668436	0.002563455	0.000192979	1.069856657	0.178008379	0.00087708	2.865526675	0.070230051	0.269973338	3.338966776	10.7161366	0.693692819	3.535979384	1.299260049	0.000688393	0.002714941	13.63525528	0.290865865	0.657784237	0.000359488	0.012366216	24.61181911
'Aplysia californica'	6.22106273	1.344650812	1.306618835	0.029179496	0.001887322	0.721321784	0	2.693526336	0.06845634	0	1.541942129	0.285720365	0.806602103	0.096830591	0.873274715	0.771943453	0.320016001	7.947332154	12.52926611	0.002991162	0	0.718671873	0.950903893	0.000729509	0.96367988	0.174408407	0	0	0	3.722391952	0.001517344	4.26563E-05	1.70515109	0.085202841	0.001336273	3.062891282	0.244545752	0.010512593	0.444560976	0.008411989	10.80267982	1.509467654	6.271910738	0.001031585	3.026477631	22.69607335	0.276726857	0.222708357	0.00095759	0.362462466	5.171923201
'Biomphalaria glabrata'	0.513179839	0.001285853	0.072343323	0.013363282	0.003652179	0.285903464	0	18.7901901	0.042550169	4.04179E-05	0.246556178	0.159532232	0.027065417	0.298977712	0.034930926	0.13312478	0.104083586	0.155380938	0.983573582	0.011128079	0	0.244354343	0.26357211	0.028463594	0.195139923	0.00326539	0	0	0	8.484476934	0.002018075	3.33683E-05	0.000357651	0.080087109	0.001126531	5.956509457	1.320247086	0.012717066	9.952172712	1.470841324	5.552134578	0.385186721	2.691158467	0.00077452	3.376553295	29.99083383	0.049162253	0.165909329	0.000659376	0	7.895382898
'Lingula anatina'	1.107498311	0.560348815	2.192922954	0.028377515	0.115660304	0.667677431	0	8.169966095	0.278311814	0	0.80763917	1.011891994	0.179527053	0.045746757	0.312397473	2.897607439	0.296937746	1.163535232	19.65083131	1.460305691	0	1.583249081	1.669262941	0.21965951	0.10791616	1.254763536	0.131989105	0	0.22883987	11.15951995	0.005471495	0.001542301	0.56430657	1.381844209	0.005447014	17.48232403	0.769342785	0.008947792	2.783024297	0.01398679	0.518327244	3.063616921	4.795722491	0.142511839	2.180258136	8.499263592	0.238326243	0.018878902	0.002109443	0	0.222364656
'Helobdella robusta'	0.676660774	0.048691319	0.60427131	0.114256982	0.000238216	1.4665607	0	7.265574655	0.033166143	0	2.426085467	0.730252843	0.261392083	0.9027536	1.179917737	0.552212485	0.32092872	3.211753812	4.238167424	0.158309589	0	0.908332182	6.036599613	0.001658849	2.387436028	0.001461779	0.099299193	0	0	6.916280925	0.004077822	0.00162853	0.182728879	0.17169732	0.005249411	1.069381253	0.393255382	3.747276029	4.72197298	0.242148574	4.905314723	0.937487636	25.61354819	0.00216993	1.021328786	11.44123857	1.08505369	3.891693303	0.000342165	0	0.020144398
'Capitella teleta'	13.82858721	1.442071216	0.234874654	0.104346593	0.110170994	0.019415398	0	3.347446099	0.572341169	5.88544E-05	0.568755413	0.725990273	0.097539105	0.032459267	1.583596323	0.801378343	1.354535172	1.960475638	6.714107056	0.001471359	0.26411437	0.199339702	0.325750139	0.002057723	0.885638162	0.212745416	0.178594632	0	0.1336735	19.41716575	0.002380332	6.75735E-05	0.137093592	1.869231769	0.015524471	2.712664819	0.261579273	0.157315512	5.590383408	0.001593427	2.516795344	0.059671777	15.8751101	11.16035089	0.644470451	3.717757704	0.077234353	0.003888747	0.000741129	0	0.077445792
'Schistosoma haematobium'	0.022390072	0.001299262	0.214789436	0.010437955	6.4689E-05	0.025414009	0	0.097724259	0.001211548	0	0.049000279	0.022818774	1.179120542	0.899756126	0.008939144	0.011317287	0.002656635	0.025439227	0.194535198	0.000680879	0	0.028547588	11.03393615	0.001025156	0.006874578	0.000368398	0	0	0	17.35925149	0.001440701	8.33282E-05	0.00036182	1.211624027	0.000326734	3.854748924	0.462509962	0.002133641	15.00000499	0.003383564	0.02042857	1.661468101	0.374707242	0.000844246	0.506075268	45.6791728	0.012125352	0.005800082	0.000411159	0	0.004750805
'Intoshia linei'	0.835619662	0.004257836	4.624629181	0.00402559	0	2.596634813	0	49.8039073	0	0	0.015870116	0.030398368	0.335182008	0.899745252	0.08928553	0.620586043	1.359978613	0.365296521	23.98575767	0	0	0.055790554	0.023869686	0.001574109	0.122780506	0.002116015	0	0	0	6.634998689	0.107039416	0.020231172	0	0.103891198	0.269198453	6.841800492	0	0	0.043429927	0	0.044926621	0.029314556	0.091737011	0	0	0.012360627	0.005935165	0.004386861	0	0	0.01344444
